Summary
                  var rel.inf.med rel.inf.q1 rel.inf.q3 rel.inf.mean rel.inf.sd
4  earth2_trees_everg    7.680299   4.604084  11.809212     8.835475   5.629245
17                pop    6.915001   4.473343  10.437157     7.932949   4.637532
12               gens    5.949635   3.744250   9.002450     7.040550   4.709281
14             mamdiv    5.652182   3.520620   8.509926     6.481204   4.018182
9    earth7_veg_manag    5.622756   3.543962   8.278650     6.252415   3.475375
16        past_change    5.202251   3.438658   7.786581     6.065760   3.681471
15               past    5.092389   3.303461   7.761043     5.858259   3.473268
3  earth1_trees_needl    4.570957   2.898724   7.492554     5.682787   4.022025
13      livestock_mam    4.279298   2.629906   6.624632     4.995110   3.196620
2         crop_change    4.003451   2.614514   5.920937     4.483179   2.546645
10   earth8_veg_flood    3.915382   2.481011   5.979854     4.511734   2.728675
18         pop_change    3.834484   2.481080   5.802455     4.386111   2.632509
1                crop    3.560439   2.235060   5.683980     4.309979   2.943196
7       earth5_shrubs    3.503072   2.101265   5.474671     4.152915   2.777621
11       earth9_urban    3.281123   2.016192   5.488476     4.183686   3.176171
19            poultry    3.277685   1.996639   5.013139     3.840096   2.471553
5  earth3_trees_decid    3.164861   2.048183   4.967238     3.803934   2.470529
8    earth6_veg_herba    3.092236   2.017335   4.746599     3.612426   2.274817
6  earth4_trees_other    3.002291   1.822397   4.752764     3.571432   2.334219
