Model Name: kfold_10x100_iter


AUC, which is threshold-free (vector, mean, sd, quantiles)
  [1] 0.5939192 0.5931325 0.5743903 0.5491462 0.5850803 0.5982924 0.6222407
  [8] 0.5984081 0.6366560 0.5845250 0.5323014 0.5136980 0.5429682 0.6253413
 [15] 0.6294368 0.6928595 0.5810079 0.6489426 0.5754547 0.5659216 0.6571799
 [22] 0.5879495 0.5951455 0.5748068 0.6174973 0.6339257 0.6224953 0.6157157
 [29] 0.6022259 0.6524828 0.6022722 0.6574807 0.6683095 0.6149058 0.5556944
 [36] 0.5479198 0.6381137 0.5663381 0.5637929 0.6598871 0.5916516 0.6749040
 [43] 0.5864223 0.6446388 0.6160859 0.6468601 0.6025961 0.6135638 0.6105789
 [50] 0.6310334 0.6986672 0.6007451 0.6095608 0.6361470 0.5891527 0.6085890
 [57] 0.6873062 0.6960988 0.5937804 0.6293211 0.6698366 0.6202971 0.6197418
 [64] 0.6549586 0.6687954 0.6101162 0.6393864 0.6453792 0.5824194 0.5991022
 [71] 0.5893146 0.5475265 0.6161322 0.6102781 0.5158036 0.6632884 0.5743440
 [78] 0.6561849 0.6640520 0.5669628 0.5966727 0.6112962 0.6039613 0.6614142
 [85] 0.6794854 0.5754778 0.5728400 0.5596742 0.6106252 0.6136795 0.5462770
 [92] 0.6268222 0.6456106 0.6081957 0.5311444 0.5298024 0.6146050 0.6959832
 [99] 0.5755009 0.7006340
[1] 0.6111919
[1] 0.04299109
       5%       25%       50%       75%       95% 
0.5424349 0.5839986 0.6104285 0.6406995 0.6875839 


TSS, threshold-dependent (vector, mean, sd, quantiles)

# Setting threshold to 0.5
  [1] 0.18367347 0.15646259 0.11564626 0.12925170 0.15646259 0.21768707
  [7] 0.19727891 0.14965986 0.19047619 0.21768707 0.02040816 0.05442177
 [13] 0.04081633 0.24489796 0.21088435 0.30612245 0.06122449 0.19047619
 [19] 0.17006803 0.10204082 0.26530612 0.13605442 0.12244898 0.15646259
 [25] 0.18367347 0.25170068 0.18367347 0.18367347 0.17006803 0.21768707
 [31] 0.22448980 0.24489796 0.29251701 0.17687075 0.10204082 0.11564626
 [37] 0.22448980 0.11564626 0.05442177 0.21768707 0.17006803 0.28571429
 [43] 0.16326531 0.29931973 0.16326531 0.25850340 0.13605442 0.23809524
 [49] 0.14965986 0.19727891 0.33333333 0.18367347 0.17687075 0.24489796
 [55] 0.14285714 0.16326531 0.24489796 0.24489796 0.16326531 0.17006803
 [61] 0.27891156 0.18367347 0.25170068 0.19047619 0.25850340 0.21768707
 [67] 0.17687075 0.22448980 0.19727891 0.13605442 0.12244898 0.13605442
 [73] 0.17687075 0.21088435 0.08163265 0.27210884 0.08163265 0.27210884
 [79] 0.20408163 0.13605442 0.19047619 0.19047619 0.12925170 0.23129252
 [85] 0.27891156 0.11564626 0.12244898 0.16326531 0.21768707 0.17006803
 [91] 0.14285714 0.17006803 0.24489796 0.18367347 0.12244898 0.04081633
 [97] 0.23129252 0.32653061 0.10884354 0.29251701
[1] 0.1836735
[1] 0.06578451
        5%        25%        50%        75%        95% 
0.06088435 0.13605442 0.18367347 0.22619048 0.29251701 

# Allowing threshold to vary per CV set
  [1] 0.21088435 0.18367347 0.16326531 0.13605442 0.21088435 0.27210884
  [7] 0.23809524 0.19047619 0.25170068 0.22448980 0.13605442 0.08163265
 [13] 0.13605442 0.27891156 0.25170068 0.36734694 0.14285714 0.23809524
 [19] 0.18367347 0.13605442 0.31292517 0.14285714 0.16326531 0.17687075
 [25] 0.23809524 0.28571429 0.20408163 0.22448980 0.18367347 0.25850340
 [31] 0.23809524 0.27210884 0.30612245 0.19727891 0.13605442 0.14285714
 [37] 0.24489796 0.14285714 0.21088435 0.25850340 0.25850340 0.32653061
 [43] 0.19047619 0.32653061 0.22448980 0.29251701 0.23129252 0.25170068
 [49] 0.23129252 0.27210884 0.35374150 0.21088435 0.23809524 0.25850340
 [55] 0.19047619 0.21768707 0.27891156 0.27891156 0.20408163 0.23129252
 [61] 0.28571429 0.20408163 0.27891156 0.23809524 0.27210884 0.23809524
 [67] 0.27210884 0.26530612 0.20408163 0.17006803 0.15646259 0.22448980
 [73] 0.21768707 0.26530612 0.08843537 0.29251701 0.19047619 0.31972789
 [79] 0.27891156 0.17006803 0.20408163 0.23129252 0.17687075 0.25170068
 [85] 0.33333333 0.16326531 0.14285714 0.17006803 0.22448980 0.25170068
 [91] 0.16326531 0.26530612 0.30612245 0.21768707 0.12244898 0.13605442
 [97] 0.25850340 0.34693878 0.17006803 0.33333333
[1] 0.2254422
[1] 0.0607148
       5%       25%       50%       75%       95% 
0.1360544 0.1819728 0.2278912 0.2670068 0.3268707 
