Model Name: kfold_10x100_iter


AUC, which is threshold-free (vector, mean, sd, quantiles)
  [1] 0.8005923 0.8007543 0.8008237 0.8347911 0.8221806 0.7902263 0.7759267
  [8] 0.7761581 0.7894396 0.7791198 0.7832153 0.7482530 0.7514693 0.7858994
 [15] 0.7615345 0.7537600 0.7498265 0.7821510 0.7878662 0.7749086 0.8033690
 [22] 0.7398306 0.8084594 0.7742839 0.7872646 0.7715767 0.7872646 0.7777778
 [29] 0.7930029 0.7751400 0.7863390 0.7742839 0.7799991 0.7534361 0.7660466
 [36] 0.7902726 0.7679208 0.7805544 0.7246518 0.7812486 0.7833542 0.7772456
 [43] 0.7705354 0.7768060 0.7460086 0.7862002 0.8123698 0.7638484 0.7602157
 [50] 0.7830302 0.7736360 0.7694016 0.7681984 0.7647277 0.7771299 0.7604470
 [57] 0.7979777 0.7759961 0.7757647 0.7756722 0.7927715 0.7538988 0.8042945
 [64] 0.7957795 0.7931880 0.7743070 0.7862002 0.7701421 0.8196122 0.7383960
 [71] 0.7830534 0.7717618 0.8014716 0.7969365 0.7984405 0.8127863 0.7995974
 [78] 0.7556574 0.7613957 0.7766671 0.7751863 0.7384192 0.7828682 0.7917534
 [85] 0.7720163 0.8234532 0.7615345 0.7773150 0.7839326 0.7852978 0.7786570
 [92] 0.7910593 0.7897867 0.7893933 0.7551483 0.7986024 0.7775001 0.7389051
 [99] 0.7718543 0.7939285
[1] 0.7793315
[1] 0.01971999
       5%       25%       50%       75%       95% 
0.7456997 0.7699570 0.7782174 0.7904692 0.8123907 


TSS, threshold-dependent (vector, mean, sd, quantiles)

# Scaling median to 0.5
  [1] 0.4013605 0.4557823 0.5102041 0.5102041 0.5238095 0.4557823 0.4421769
  [8] 0.4557823 0.4285714 0.4557823 0.4285714 0.4149660 0.3877551 0.4557823
 [15] 0.3877551 0.3469388 0.3877551 0.4285714 0.4013605 0.4557823 0.4693878
 [22] 0.4013605 0.5374150 0.3877551 0.4421769 0.4149660 0.4149660 0.4149660
 [29] 0.3877551 0.3741497 0.4557823 0.4285714 0.4421769 0.3469388 0.4285714
 [36] 0.4285714 0.4013605 0.3877551 0.3605442 0.3741497 0.4285714 0.4013605
 [43] 0.4285714 0.4013605 0.4013605 0.4013605 0.4829932 0.4421769 0.4285714
 [50] 0.4421769 0.4421769 0.4013605 0.4013605 0.3877551 0.4285714 0.3877551
 [57] 0.4829932 0.4285714 0.4149660 0.3877551 0.4829932 0.3605442 0.4693878
 [64] 0.4693878 0.4149660 0.4557823 0.5102041 0.4421769 0.4829932 0.3061224
 [71] 0.4013605 0.4829932 0.4829932 0.4557823 0.4693878 0.4965986 0.4693878
 [78] 0.4149660 0.3877551 0.3605442 0.4693878 0.3605442 0.3741497 0.4013605
 [85] 0.3605442 0.5238095 0.4013605 0.4013605 0.4557823 0.3877551 0.4285714
 [92] 0.4693878 0.4557823 0.4557823 0.3877551 0.4285714 0.4013605 0.2925170
 [99] 0.4013605 0.4965986
[1] 0.4262585
[1] 0.04608985
       5%       25%       50%       75%       95% 
0.3605442 0.4013605 0.4285714 0.4557823 0.5102041 

# Allowing threshold to vary per CV set
  [1] 0.4421769 0.4897959 0.4421769 0.5510204 0.5102041 0.4489796 0.4149660
  [8] 0.4285714 0.4489796 0.4285714 0.3877551 0.4013605 0.3741497 0.4353741
 [15] 0.4353741 0.3809524 0.4013605 0.4353741 0.4285714 0.4557823 0.4489796
 [22] 0.3945578 0.4829932 0.3673469 0.4557823 0.4081633 0.4149660 0.4421769
 [29] 0.4557823 0.4081633 0.4285714 0.4149660 0.4557823 0.4081633 0.4489796
 [36] 0.4353741 0.4217687 0.4217687 0.3741497 0.3877551 0.4285714 0.4285714
 [43] 0.4217687 0.4081633 0.3809524 0.4353741 0.4217687 0.4217687 0.4217687
 [50] 0.4353741 0.4421769 0.3945578 0.4285714 0.4081633 0.3877551 0.3469388
 [57] 0.4761905 0.4149660 0.3945578 0.4149660 0.4965986 0.4149660 0.4625850
 [64] 0.4557823 0.4557823 0.4421769 0.4693878 0.4081633 0.4625850 0.3469388
 [71] 0.4353741 0.4421769 0.5034014 0.4489796 0.4625850 0.5170068 0.5102041
 [78] 0.3741497 0.4217687 0.4285714 0.4421769 0.3741497 0.4421769 0.4013605
 [85] 0.4081633 0.5170068 0.3673469 0.4217687 0.4081633 0.4285714 0.4285714
 [92] 0.4829932 0.4285714 0.4897959 0.3809524 0.4149660 0.4421769 0.4217687
 [99] 0.3945578 0.4353741
[1] 0.4302041
[1] 0.03756142
       5%       25%       50%       75%       95% 
0.3741497 0.4081633 0.4285714 0.4489796 0.5037415 
