Summary
                  var rel.inf.med rel.inf.q1 rel.inf.q3 rel.inf.mean rel.inf.sd
4  earth2_trees_everg   10.543127   6.431773  16.245261    11.677984   7.164240
17                pop    7.757794   4.532172  12.155023     9.398395   6.823576
12               gens    5.790058   3.441631   9.699880     7.168768   5.006164
3  earth1_trees_needl    5.453628   2.821699   9.876537     7.444861   6.479642
9    earth7_veg_manag    5.221367   3.129781   7.950026     6.180225   4.237427
14             mamdiv    5.076160   3.062396   8.237844     6.220663   4.346793
15               past    5.044911   2.821822   7.990258     5.802145   3.918142
16        past_change    4.777943   2.549401   8.381050     6.058904   4.600468
10   earth8_veg_flood    3.440047   2.000567   5.857624     4.525416   3.693715
13      livestock_mam    3.324320   1.817178   6.464504     4.570480   3.662522
1                crop    3.283636   1.732413   5.648156     4.268856   3.512150
18         pop_change    3.258885   1.889975   5.269887     3.796193   2.372657
19            poultry    2.796754   1.536307   5.215429     3.882590   3.321767
11       earth9_urban    2.702384   1.496569   4.593846     3.515196   2.884597
7       earth5_shrubs    2.550571   1.456918   4.782792     3.664141   3.190614
2         crop_change    2.497955   1.524464   4.080058     3.180588   2.454378
5  earth3_trees_decid    2.315076   1.399800   3.740105     3.025952   2.519691
8    earth6_veg_herba    2.284070   1.289384   4.040382     3.070702   2.534993
6  earth4_trees_other    2.053910   1.160848   3.192076     2.547939   2.107647

Interactions
                   crop    past     pop crop_change past_change pop_change
crop                  0 0.01058 0.01886     0.02781     0.03830    0.00462
past                  0 0.00000 0.01288     0.00749     0.02814    0.00425
pop                   0 0.00000 0.00000     0.01814     0.03209    0.00388
crop_change           0 0.00000 0.00000     0.00000     0.03999    0.00520
past_change           0 0.00000 0.00000     0.00000     0.00000    0.00809
pop_change            0 0.00000 0.00000     0.00000     0.00000    0.00000
earth1_trees_needl    0 0.00000 0.00000     0.00000     0.00000    0.00000
earth2_trees_everg    0 0.00000 0.00000     0.00000     0.00000    0.00000
earth3_trees_decid    0 0.00000 0.00000     0.00000     0.00000    0.00000
earth4_trees_other    0 0.00000 0.00000     0.00000     0.00000    0.00000
earth5_shrubs         0 0.00000 0.00000     0.00000     0.00000    0.00000
earth6_veg_herba      0 0.00000 0.00000     0.00000     0.00000    0.00000
earth7_veg_manag      0 0.00000 0.00000     0.00000     0.00000    0.00000
earth8_veg_flood      0 0.00000 0.00000     0.00000     0.00000    0.00000
earth9_urban          0 0.00000 0.00000     0.00000     0.00000    0.00000
gens                  0 0.00000 0.00000     0.00000     0.00000    0.00000
mamdiv                0 0.00000 0.00000     0.00000     0.00000    0.00000
poultry               0 0.00000 0.00000     0.00000     0.00000    0.00000
livestock_mam         0 0.00000 0.00000     0.00000     0.00000    0.00000
                   earth1_trees_needl earth2_trees_everg earth3_trees_decid
crop                          0.02444            0.00558            0.00185
past                          0.01108            0.09145            0.00646
pop                           0.02068            0.03065            0.00552
crop_change                   0.00863            0.02772            0.00137
past_change                   0.02291            0.07910            0.01148
pop_change                    0.00894            0.01046            0.00128
earth1_trees_needl            0.00000            0.00907            0.00860
earth2_trees_everg            0.00000            0.00000            0.01865
earth3_trees_decid            0.00000            0.00000            0.00000
earth4_trees_other            0.00000            0.00000            0.00000
earth5_shrubs                 0.00000            0.00000            0.00000
earth6_veg_herba              0.00000            0.00000            0.00000
earth7_veg_manag              0.00000            0.00000            0.00000
earth8_veg_flood              0.00000            0.00000            0.00000
earth9_urban                  0.00000            0.00000            0.00000
gens                          0.00000            0.00000            0.00000
mamdiv                        0.00000            0.00000            0.00000
poultry                       0.00000            0.00000            0.00000
livestock_mam                 0.00000            0.00000            0.00000
                   earth4_trees_other earth5_shrubs earth6_veg_herba
crop                          0.00188       0.00220          0.00414
past                          0.01075       0.00235          0.01448
pop                           0.00513       0.01663          0.00872
crop_change                   0.00689       0.00355          0.00104
past_change                   0.01849       0.00805          0.01003
pop_change                    0.00096       0.00343          0.00094
earth1_trees_needl            0.01302       0.00208          0.00492
earth2_trees_everg            0.01088       0.00835          0.00791
earth3_trees_decid            0.00055       0.00132          0.00160
earth4_trees_other            0.00000       0.00042          0.00026
earth5_shrubs                 0.00000       0.00000          0.00086
earth6_veg_herba              0.00000       0.00000          0.00000
earth7_veg_manag              0.00000       0.00000          0.00000
earth8_veg_flood              0.00000       0.00000          0.00000
earth9_urban                  0.00000       0.00000          0.00000
gens                          0.00000       0.00000          0.00000
mamdiv                        0.00000       0.00000          0.00000
poultry                       0.00000       0.00000          0.00000
livestock_mam                 0.00000       0.00000          0.00000
                   earth7_veg_manag earth8_veg_flood earth9_urban    gens
crop                        0.02499          0.00334      0.00791 0.07257
past                        0.00591          0.00597      0.00322 0.04055
pop                         0.02796          0.00959      0.00795 0.05754
crop_change                 0.00996          0.00149      0.00220 0.03530
past_change                 0.01932          0.00728      0.01421 0.11757
pop_change                  0.00300          0.00574      0.00133 0.04064
earth1_trees_needl          0.01989          0.00448      0.00186 0.00695
earth2_trees_everg          0.00769          0.01304      0.00480 0.00929
earth3_trees_decid          0.00320          0.00016      0.00277 0.01301
earth4_trees_other          0.00189          0.00076      0.00073 0.01293
earth5_shrubs               0.00355          0.00270      0.00181 0.01173
earth6_veg_herba            0.00225          0.00121      0.00119 0.00719
earth7_veg_manag            0.00000          0.00226      0.00805 0.05534
earth8_veg_flood            0.00000          0.00000      0.00060 0.03086
earth9_urban                0.00000          0.00000      0.00000 0.00482
gens                        0.00000          0.00000      0.00000 0.00000
mamdiv                      0.00000          0.00000      0.00000 0.00000
poultry                     0.00000          0.00000      0.00000 0.00000
livestock_mam               0.00000          0.00000      0.00000 0.00000
                    mamdiv poultry livestock_mam
crop               0.02520 0.00646       0.00577
past               0.02879 0.00463       0.01016
pop                0.04401 0.00425       0.00978
crop_change        0.03280 0.00455       0.00385
past_change        0.03908 0.01562       0.03287
pop_change         0.01541 0.00175       0.00326
earth1_trees_needl 0.02296 0.00572       0.00864
earth2_trees_everg 0.01909 0.00838       0.00780
earth3_trees_decid 0.00859 0.00173       0.00142
earth4_trees_other 0.00744 0.00182       0.00129
earth5_shrubs      0.02530 0.00193       0.00341
earth6_veg_herba   0.00634 0.00094       0.00380
earth7_veg_manag   0.02867 0.00880       0.02005
earth8_veg_flood   0.00773 0.00096       0.00297
earth9_urban       0.00350 0.00086       0.00628
gens               0.03045 0.00783       0.03741
mamdiv             0.00000 0.01778       0.00954
poultry            0.00000 0.00000       0.00331
livestock_mam      0.00000 0.00000       0.00000
