Summary
                  var rel.inf.med rel.inf.q1 rel.inf.q3 rel.inf.mean rel.inf.sd
4  earth2_trees_everg   11.385939   7.009790  17.201658    12.594547   7.300905
17                pop    8.905734   5.303245  13.374511    10.003775   6.226854
12               gens    6.486487   3.601520  10.963200     7.992430   5.885178
9    earth7_veg_manag    5.776897   3.313297   9.139693     6.717307   4.462173
15               past    5.399247   3.221415   8.379839     6.270703   4.024673
14             mamdiv    5.237262   2.863353   8.303116     6.221557   4.406632
3  earth1_trees_needl    5.042670   2.647199   8.471455     6.274779   4.873185
16        past_change    4.695910   2.579265   7.831359     5.736109   4.177166
13      livestock_mam    4.166282   2.283474   6.850322     5.124385   3.885246
1                crop    3.225921   1.768228   5.810086     4.224365   3.486320
10   earth8_veg_flood    2.992151   1.753478   4.936418     3.736617   2.770413
11       earth9_urban    2.915477   1.506847   5.046875     3.907440   3.428869
18         pop_change    2.781608   1.644517   4.362654     3.377538   2.435464
19            poultry    2.492413   1.318449   4.421659     3.313898   2.802427
2         crop_change    2.463884   1.482034   3.852087     3.068475   2.343510
7       earth5_shrubs    2.377095   1.383348   4.379126     3.291515   2.750882
5  earth3_trees_decid    2.224215   1.237934   3.693082     2.840633   2.271846
8    earth6_veg_herba    2.152888   1.255583   3.564448     2.766253   2.174839
6  earth4_trees_other    1.954175   1.168855   3.299886     2.537675   1.976998

Interactions
