Model Name: kfold_noweight_10x100_iter


AUC, which is threshold-free (vector, mean, sd, quantiles)
  [1] 0.7742607 0.7911981 0.7818964 0.8104493 0.8163728 0.7751863 0.7599611
  [8] 0.7999907 0.7642186 0.7867092 0.8054977 0.7340923 0.7363599 0.7725948
 [15] 0.7758804 0.7172937 0.7639410 0.7572771 0.7876811 0.7896710 0.7901106
 [22] 0.7944375 0.8060068 0.7375631 0.8062844 0.7722477 0.7947614 0.7654218
 [29] 0.7886066 0.7676431 0.7908742 0.7620899 0.7627377 0.7522560 0.7487852
 [36] 0.7642649 0.7650979 0.7640335 0.7259475 0.7904114 0.7725022 0.7899255
 [43] 0.7383960 0.7499190 0.7484844 0.7971678 0.7881207 0.7337683 0.7572771
 [50] 0.7967976 0.8017955 0.7542922 0.7607478 0.7647277 0.7963811 0.7322643
 [57] 0.7559350 0.7618122 0.7871720 0.7857837 0.7765746 0.7425378 0.7648665
 [64] 0.8098477 0.7666250 0.7748623 0.7504512 0.7563978 0.8014253 0.7613957
 [71] 0.7648665 0.7575084 0.7762044 0.7993197 0.7624138 0.7978157 0.8100791
 [78] 0.7776852 0.7534361 0.7501504 0.7698181 0.7385811 0.7986024 0.7812486
 [85] 0.7684298 0.7834236 0.7277523 0.7706048 0.7845805 0.7526956 0.7827294
 [92] 0.7854598 0.7764820 0.7781943 0.7638484 0.7855523 0.7608404 0.7341386
 [99] 0.7630154 0.7512148
[1] 0.7713506
[1] 0.02190348
       5%       25%       50%       75%       95% 
0.7340761 0.7572771 0.7702115 0.7882422 0.8060206 


TSS, threshold-dependent (vector, mean, sd, quantiles)

# Setting threshold to 0.5
  [1] 0.3877551 0.4353741 0.3741497 0.4829932 0.5034014 0.4149660 0.3945578
  [8] 0.4149660 0.4081633 0.4013605 0.4353741 0.3061224 0.3741497 0.4081633
 [15] 0.4557823 0.2993197 0.3605442 0.3741497 0.3877551 0.4489796 0.4557823
 [22] 0.4489796 0.4897959 0.3673469 0.4489796 0.4081633 0.4489796 0.3877551
 [29] 0.4013605 0.3605442 0.4081633 0.4149660 0.4557823 0.3945578 0.3809524
 [36] 0.4013605 0.4285714 0.4081633 0.3605442 0.3945578 0.3537415 0.3809524
 [43] 0.3333333 0.4149660 0.3673469 0.4421769 0.4149660 0.3061224 0.3877551
 [50] 0.4557823 0.4625850 0.3809524 0.4081633 0.3741497 0.4421769 0.3537415
 [57] 0.3877551 0.4421769 0.4693878 0.4693878 0.4489796 0.3469388 0.3809524
 [64] 0.4829932 0.4693878 0.4081633 0.3945578 0.3741497 0.4217687 0.3673469
 [71] 0.3809524 0.3673469 0.4285714 0.4489796 0.3401361 0.4625850 0.4489796
 [78] 0.4557823 0.4013605 0.3673469 0.3809524 0.4013605 0.4081633 0.3945578
 [85] 0.3809524 0.4217687 0.3469388 0.3945578 0.4353741 0.3537415 0.4625850
 [92] 0.5102041 0.4149660 0.4829932 0.3673469 0.4217687 0.3741497 0.2925170
 [99] 0.4149660 0.3605442
[1] 0.4059864
[1] 0.04497764
       5%       25%       50%       75%       95% 
0.3397959 0.3741497 0.4047619 0.4421769 0.4829932 

# Allowing threshold to vary per CV set
  [1] 0.4285714 0.4829932 0.4081633 0.5034014 0.5238095 0.4353741 0.4149660
  [8] 0.4625850 0.4217687 0.4489796 0.4625850 0.3741497 0.4353741 0.4285714
 [15] 0.4761905 0.3741497 0.4217687 0.3945578 0.4149660 0.4625850 0.4829932
 [22] 0.4965986 0.5238095 0.4013605 0.4625850 0.4353741 0.4829932 0.4217687
 [29] 0.4489796 0.4081633 0.4285714 0.4557823 0.4693878 0.4081633 0.4013605
 [36] 0.4557823 0.4421769 0.4489796 0.3741497 0.4421769 0.4149660 0.4625850
 [43] 0.3741497 0.4217687 0.4013605 0.4625850 0.4625850 0.3741497 0.4353741
 [50] 0.4761905 0.4693878 0.4081633 0.4217687 0.4149660 0.4625850 0.3605442
 [57] 0.4013605 0.4557823 0.4829932 0.4897959 0.4625850 0.3877551 0.4149660
 [64] 0.5238095 0.4965986 0.4489796 0.4557823 0.4149660 0.4761905 0.4421769
 [71] 0.4217687 0.3945578 0.4421769 0.4693878 0.4217687 0.4829932 0.4625850
 [78] 0.4625850 0.4217687 0.3877551 0.4217687 0.4489796 0.4557823 0.4489796
 [85] 0.4081633 0.4761905 0.3537415 0.4013605 0.4421769 0.4217687 0.4761905
 [92] 0.5102041 0.4285714 0.5034014 0.4081633 0.4829932 0.4217687 0.3537415
 [99] 0.4353741 0.4013605
[1] 0.4391156
[1] 0.03840144
       5%       25%       50%       75%       95% 
0.3741497 0.4149660 0.4387755 0.4625850 0.5034014 
