Summary
                  var rel.inf.med rel.inf.q1 rel.inf.q3 rel.inf.mean rel.inf.sd
11       earth9_urban   38.895827 32.7545892  44.440452    38.461898   8.445040
9    earth7_veg_manag    6.469417  3.9747344   9.662338     7.276748   4.416482
4  earth2_trees_everg    6.173764  3.9724414   9.104372     6.828203   3.720920
19            poultry    4.129116  2.2446290   7.103141     5.145002   3.983322
5  earth3_trees_decid    4.059223  2.2059225   6.206918     4.598506   3.041320
13      livestock_mam    3.992411  2.4797763   6.160006     4.538498   2.792387
6  earth4_trees_other    3.091307  1.8436501   5.143022     3.724198   2.519689
8    earth6_veg_herba    2.547342  1.5588018   3.740756     2.854404   1.727317
7       earth5_shrubs    2.471481  1.4096548   3.962667     2.905255   2.034213
12               gens    2.213535  1.2926850   3.420719     2.663617   1.955239
2         crop_change    2.188869  1.0858043   3.944309     2.902783   2.399343
14             mamdiv    2.169154  1.3550953   3.309564     2.566323   1.607080
16        past_change    2.000280  1.1850819   3.220938     2.429214   1.633989
1                crop    1.898673  1.1090977   3.151563     2.483308   1.991892
18         pop_change    1.786335  1.1449160   2.913155     2.335842   1.799203
3  earth1_trees_needl    1.722482  1.0121638   3.007701     2.403789   2.119436
17                pop    1.706138  1.0458719   2.695470     2.252305   1.888405
10   earth8_veg_flood    1.705467  0.9920094   2.607124     2.046761   1.528293
15               past    1.227356  0.8045035   2.007360     1.583346   1.179654

Interactions
                   crop   past     pop crop_change past_change pop_change
crop                  0 0.0019 0.00309     0.05666     0.00462    0.00220
past                  0 0.0000 0.00125     0.00703     0.00865    0.00156
pop                   0 0.0000 0.00000     0.00491     0.00168    0.00282
crop_change           0 0.0000 0.00000     0.00000     0.06077    0.01352
past_change           0 0.0000 0.00000     0.00000     0.00000    0.00351
pop_change            0 0.0000 0.00000     0.00000     0.00000    0.00000
earth1_trees_needl    0 0.0000 0.00000     0.00000     0.00000    0.00000
earth2_trees_everg    0 0.0000 0.00000     0.00000     0.00000    0.00000
earth3_trees_decid    0 0.0000 0.00000     0.00000     0.00000    0.00000
earth4_trees_other    0 0.0000 0.00000     0.00000     0.00000    0.00000
earth5_shrubs         0 0.0000 0.00000     0.00000     0.00000    0.00000
earth6_veg_herba      0 0.0000 0.00000     0.00000     0.00000    0.00000
earth7_veg_manag      0 0.0000 0.00000     0.00000     0.00000    0.00000
earth8_veg_flood      0 0.0000 0.00000     0.00000     0.00000    0.00000
earth9_urban          0 0.0000 0.00000     0.00000     0.00000    0.00000
gens                  0 0.0000 0.00000     0.00000     0.00000    0.00000
mamdiv                0 0.0000 0.00000     0.00000     0.00000    0.00000
poultry               0 0.0000 0.00000     0.00000     0.00000    0.00000
livestock_mam         0 0.0000 0.00000     0.00000     0.00000    0.00000
                   earth1_trees_needl earth2_trees_everg earth3_trees_decid
crop                          0.00302            0.00140            0.00273
past                          0.00223            0.00324            0.00482
pop                           0.00069            0.00565            0.00107
crop_change                   0.00398            0.04375            0.02384
past_change                   0.01005            0.03291            0.01874
pop_change                    0.00078            0.00233            0.00341
earth1_trees_needl            0.00000            0.00624            0.00280
earth2_trees_everg            0.00000            0.00000            0.00700
earth3_trees_decid            0.00000            0.00000            0.00000
earth4_trees_other            0.00000            0.00000            0.00000
earth5_shrubs                 0.00000            0.00000            0.00000
earth6_veg_herba              0.00000            0.00000            0.00000
earth7_veg_manag              0.00000            0.00000            0.00000
earth8_veg_flood              0.00000            0.00000            0.00000
earth9_urban                  0.00000            0.00000            0.00000
gens                          0.00000            0.00000            0.00000
mamdiv                        0.00000            0.00000            0.00000
poultry                       0.00000            0.00000            0.00000
livestock_mam                 0.00000            0.00000            0.00000
                   earth4_trees_other earth5_shrubs earth6_veg_herba
crop                          0.01731       0.00375          0.00340
past                          0.00415       0.00681          0.00619
pop                           0.00178       0.00454          0.00114
crop_change                   0.02147       0.01566          0.01515
past_change                   0.01498       0.01327          0.01195
pop_change                    0.00168       0.00259          0.00108
earth1_trees_needl            0.06064       0.00208          0.00475
earth2_trees_everg            0.00696       0.00705          0.00428
earth3_trees_decid            0.04099       0.00639          0.00523
earth4_trees_other            0.00000       0.01459          0.01791
earth5_shrubs                 0.00000       0.00000          0.00518
earth6_veg_herba              0.00000       0.00000          0.00000
earth7_veg_manag              0.00000       0.00000          0.00000
earth8_veg_flood              0.00000       0.00000          0.00000
earth9_urban                  0.00000       0.00000          0.00000
gens                          0.00000       0.00000          0.00000
mamdiv                        0.00000       0.00000          0.00000
poultry                       0.00000       0.00000          0.00000
livestock_mam                 0.00000       0.00000          0.00000
                   earth7_veg_manag earth8_veg_flood earth9_urban    gens
crop                        0.05772          0.00066      0.20874 0.00504
past                        0.01200          0.00126      0.13560 0.00536
pop                         0.01952          0.00084      0.01577 0.00107
crop_change                 0.06328          0.01648      0.24956 0.02269
past_change                 0.01960          0.00416      0.39603 0.02162
pop_change                  0.00444          0.00146      0.08880 0.00567
earth1_trees_needl          0.01587          0.00100      0.03899 0.03341
earth2_trees_everg          0.01374          0.00433      0.26473 0.00942
earth3_trees_decid          0.02691          0.00649      0.22543 0.01761
earth4_trees_other          0.08940          0.01019      0.16125 0.01662
earth5_shrubs               0.03470          0.00355      0.05212 0.03105
earth6_veg_herba            0.05853          0.00084      0.20703 0.01331
earth7_veg_manag            0.00000          0.00673      0.44664 0.01978
earth8_veg_flood            0.00000          0.00000      0.03237 0.00492
earth9_urban                0.00000          0.00000      0.00000 0.06157
gens                        0.00000          0.00000      0.00000 0.00000
mamdiv                      0.00000          0.00000      0.00000 0.00000
poultry                     0.00000          0.00000      0.00000 0.00000
livestock_mam               0.00000          0.00000      0.00000 0.00000
                    mamdiv poultry livestock_mam
crop               0.00541 0.00280       0.00618
past               0.00497 0.00370       0.00771
pop                0.00399 0.00128       0.01096
crop_change        0.06050 0.02116       0.05560
past_change        0.01322 0.01476       0.01935
pop_change         0.00262 0.00629       0.01516
earth1_trees_needl 0.01099 0.00348       0.00433
earth2_trees_everg 0.06472 0.01615       0.02689
earth3_trees_decid 0.01722 0.00916       0.01410
earth4_trees_other 0.01646 0.01034       0.01134
earth5_shrubs      0.00727 0.00914       0.00655
earth6_veg_herba   0.02021 0.01386       0.01877
earth7_veg_manag   0.02790 0.03807       0.03844
earth8_veg_flood   0.00210 0.00136       0.00297
earth9_urban       0.14753 0.07886       0.25431
gens               0.01653 0.00911       0.03075
mamdiv             0.00000 0.01111       0.01427
poultry            0.00000 0.00000       0.02654
livestock_mam      0.00000 0.00000       0.00000
