Summary
                  var rel.inf.med rel.inf.q1 rel.inf.q3 rel.inf.mean rel.inf.sd
11       earth9_urban   30.566175  24.603394  36.369427    30.827090   8.894893
9    earth7_veg_manag    6.572021   4.346841   9.724661     7.472400   4.393735
4  earth2_trees_everg    5.655366   3.551589   8.538918     6.293473   3.631851
19            poultry    4.157221   2.399221   6.939231     5.190569   3.861153
13      livestock_mam    3.963323   2.495040   5.984287     4.599332   2.961448
5  earth3_trees_decid    3.739812   2.126944   6.095157     4.548648   3.247365
6  earth4_trees_other    3.640350   2.231530   5.513188     4.097299   2.466944
14             mamdiv    3.408278   2.165173   4.953180     3.818273   2.149857
8    earth6_veg_herba    3.193988   2.133925   4.818844     3.665289   2.072300
7       earth5_shrubs    2.993068   1.798267   4.896044     3.554464   2.331905
12               gens    2.940076   1.946404   4.506078     3.427678   2.039256
16        past_change    2.917446   1.893152   4.303001     3.281690   1.914724
2         crop_change    2.887528   1.855014   4.411612     3.423523   2.273089
3  earth1_trees_needl    2.281638   1.260793   3.566589     2.700789   1.923326
18         pop_change    2.270553   1.471717   3.375557     2.590458   1.542817
1                crop    2.261450   1.436729   3.791576     2.919251   2.227110
17                pop    2.219144   1.417273   3.504171     2.828199   2.238883
10   earth8_veg_flood    2.141632   1.332925   3.224586     2.446538   1.499697
15               past    1.927413   1.188911   2.960235     2.315038   1.560354
