Summary
                  var rel.inf.med rel.inf.q1 rel.inf.q3 rel.inf.mean
5  earth2_trees_everg    6.828426   4.029752  10.661938     7.948342
18                pop    6.363155   4.173964   9.858414     7.563084
17        past_change    5.638985   3.490773   8.157728     6.308217
13               gens    5.615838   3.476779   8.707953     6.626821
10   earth7_veg_manag    5.378609   3.344374   8.059753     6.065251
15             mamdiv    5.147920   3.140967   7.738959     5.895012
16               past    5.076421   3.045871   7.551321     5.612601
14      livestock_mam    4.290407   2.525747   6.498719     4.876800
4  earth1_trees_needl    4.093809   2.400641   6.650665     5.022272
3         crop_change    4.010388   2.548037   5.695989     4.443346
19         pop_change    3.919853   2.418595   5.728894     4.377281
2                crop    3.833699   2.274712   5.874582     4.441431
11   earth8_veg_flood    3.670464   2.296657   5.330275     4.162595
1           continent    3.417358   1.800075   6.068179     4.448154
20            poultry    3.258429   1.966845   4.987536     3.825586
8       earth5_shrubs    3.254009   2.084638   5.215455     3.927237
12       earth9_urban    3.208726   1.890518   5.004409     4.035749
6  earth3_trees_decid    3.107619   1.967769   4.925505     3.714967
9    earth6_veg_herba    2.882013   1.849239   4.522618     3.431577
7  earth4_trees_other    2.783492   1.756143   4.205696     3.273676
   rel.inf.sd
5    5.313303
18   4.794242
17   3.768861
13   4.310878
10   3.647645
15   3.747211
16   3.276721
14   3.079731
4    3.641584
3    2.651372
19   2.688426
2    2.995818
11   2.603328
1    3.676672
20   2.567225
8    2.672258
12   3.115998
6    2.401335
9    2.167002
7    2.078820
